1.101076596557559045e-02
2.531946930706366339e-03
-4.758103528985095274e-04
3.387926278487874560e-03
1.160378248898477236e-03
-8.147257271113376303e-03
4.873032639689980038e-03
-5.334751877740754634e-03
-7.762243046257078513e-04
7.675795386129411445e-03
-2.391793377651762424e-03
7.532838041434199855e-03
3.641556543832297557e-03
1.472067207954221848e-03
5.810320393697034503e-04
2.778046526256453940e-03
1.821300453307982603e-03
1.491167018838084144e-03
3.550185245671229426e-03
2.853942340997064290e-03
5.576104476889015170e-04
7.729957505259990938e-03
-4.274800250507185782e-03
1.929540398476972110e-03
3.920375038412714230e-03
4.167120046538000736e-03
-7.248685034496967937e-04
-1.137399677137171513e-03
6.524986831683132933e-03
-3.083460639375012677e-04
-2.023689784538430705e-03
-5.253441943381153764e-03
2.716045242164809304e-03
-2.087773796283549747e-03
-1.106326346995926491e-03
2.711355624996343236e-03
-6.703175968698567343e-04
-2.642607611556224007e-03
