3.608983513394690285e-02
-2.656814666376516865e-03
-2.685434256959152739e-03
5.330758272422447125e-03
-9.419804551854371599e-03
-1.543451891677341710e-03
4.227502955607201178e-03
6.784454615141383670e-03
-2.138537575216137559e-03
-9.842802582799310002e-03
-1.575991718120044183e-02
-6.136531156014603770e-03
1.048032550410041286e-02
7.216695591627436679e-03
2.019469831560508077e-02
-4.504652220100305998e-02
1.412602685440260755e-02
-1.282509960843455921e-02
-3.271681882958938845e-03
-2.439742824203684421e-04
-9.034976789676595066e-03
5.168046721626801641e-03
1.004253073719990966e-02
2.716990066289548186e-02
4.933972166329958497e-03
-3.111861444024099574e-02
-6.749945185152016365e-03
1.585079758772347039e-02
2.433662654209571563e-02
-3.725215333386614792e-03
2.520611384453233517e-02
-2.609616623360986026e-03
-4.869406309262076619e-03
-1.662204238389591512e-02
1.154985045098998880e-02
2.447167839618462001e-02
-2.202240370094356303e-02
-2.444172429725196757e-02
