-6.547593146035350642e-02
-1.180069327577053760e-02
2.310620420268596174e-03
1.781971565624745901e-02
1.549603905863471132e-04
8.495167817943363731e-03
-1.350915639514391198e-02
-3.888719604915832385e-03
1.714815337410067336e-02
-1.550332771063317981e-03
-1.685969147887525152e-02
8.593411813769057800e-03
-7.588144169096620179e-03
-1.951249811304237025e-02
2.204656884783592896e-02
-7.941911006820023128e-03
1.880996944490923029e-02
-4.474223823958745246e-03
-5.402617229913735802e-03
-2.906404707132438994e-03
-4.084145153751173214e-03
-2.713638693832951150e-03
-1.035026416411013658e-02
5.066620491349049099e-03
9.187467311485539995e-03
-2.049048211196507693e-02
7.451447813632575308e-03
-8.144843634303037747e-03
-1.760913503484960382e-02
-5.173429541671660872e-03
9.263622994070212432e-03
-1.722351415119460424e-02
-1.789197595131876775e-02
7.178212374493993762e-03
1.425957828457131808e-02
-1.124969171062160760e-02
-5.305387829395062996e-03
-1.088009767264211045e-02
