-7.226624506531374725e-02
-1.767308433566726344e-02
1.212067843573885230e-02
-4.503128839780475533e-03
-1.843667904541363691e-03
1.952320351401683543e-02
-5.275673230204374915e-04
2.194202958459157138e-02
-1.022355087646704790e-02
-7.547198695295478932e-03
1.164567891124282557e-02
-1.309213948643556981e-02
-4.632089947500849306e-03
-5.959723225858187291e-03
-6.864234604129721383e-03
3.716806641203780626e-02
-1.175124207433621108e-02
1.379152315119266947e-02
-2.661966243973066994e-03
-2.213491200092979061e-02
1.412645752347780129e-02
-2.875898678148865184e-02
-7.695644123863170337e-03
-1.999197611922745241e-02
7.348720107802800966e-03
7.315912647714445383e-03
1.188622939517347196e-02
-1.222212398345894416e-02
-2.475483171175586056e-02
-6.247098268022546405e-03
-2.204823212983958555e-04
3.098759833909689454e-02
-5.697820609414410570e-03
2.148205783149823023e-02
-9.738602928093174210e-03
-1.997792875413764713e-02
6.578092660363375754e-03
3.079968279002144940e-02
