-4.442654502805375855e-02
-8.296138154497069862e-04
3.873281973657854982e-03
-2.281611936104717409e-03
1.359089189739732129e-03
6.579774178122132318e-04
3.596213004902232713e-04
1.055493296497999559e-03
4.201097207390602079e-03
-1.646941489972539828e-03
-6.450671252844492574e-03
-2.781302977271765068e-03
-7.612219052001063541e-04
-1.577239231636752906e-02
1.299853106600484115e-02
2.432917637703330832e-03
1.400690581429512964e-02
-6.421243494400781689e-03
1.851826651973540036e-03
1.039623586451375028e-03
-2.708304564158050057e-03
8.292218480678827108e-03
5.813900602424470002e-03
5.537095864543220558e-03
6.793066106569604218e-03
-7.159379037382625210e-03
-1.066731582837931493e-02
-1.214469136285903014e-02
1.428452219716561220e-04
-1.107498913485719175e-02
-2.244447088260405603e-03
-8.533821688351789225e-03
4.881658682448234733e-03
-1.223528966181966493e-02
4.849816445671126589e-03
1.180989532977443947e-02
-6.051792967313411944e-03
-7.749148925118173013e-03
