-1.751060460874223797e-03
-3.796215142493458792e-03
2.169748023660671502e-03
-3.110909810059725705e-03
4.189268328257805818e-03
-4.437609929954092376e-03
7.505992402975053893e-03
-6.162467514711797954e-03
-1.285351896247313198e-02
-2.043215440727425697e-02
1.062971610583950989e-02
2.928101417151941690e-03
-8.693819464902104860e-03
-8.916303935949663681e-03
-8.814606909633310519e-03
3.881498330542444697e-04
-1.422262886911282442e-02
-3.716395731885412460e-03
9.206828890944478150e-03
-1.046359272816248243e-02
-1.846311767641052072e-03
-7.148788661415161894e-03
3.873077975680398830e-03
-1.017727296734041026e-02
9.151874426182251762e-03
-2.871600225128188855e-03
-3.933218813514286036e-04
2.995529833841872533e-03
-1.477689852149287157e-02
1.325195851843745430e-03
6.336749541447465016e-03
3.870090190948412539e-03
1.828699592493873878e-03
3.437600396856047014e-03
8.575564656021951102e-03
-5.583279928619510300e-03
9.626632556490126100e-03
1.179351720571014152e-02
