-3.948641503314279100e-02
1.382669557080376810e-01
3.011488606703851545e-01
3.343780897168317168e+00
3.377676789851431050e+00
-1.346201376054484145e-01
6.046444167876341425e+00
2.067360935304550562e+00
2.299545643330561440e+00
2.643662788516670137e+00
3.596169717965224777e+00
4.454219977831636257e+00
1.508744178661979962e+00
1.275073157348366903e+00
2.636258232229700127e+00
3.940040461579429554e+00
2.741455552810820429e+00
1.999509493009197225e+00
2.572935537640391068e+00
2.745597926154942137e+00
2.796820273289589709e-01
1.973517324733899292e+00
7.064106111869371540e-01
2.967808937569005767e+00
2.073252056938051702e+00
-4.099616397538174972e-01
-3.781358407396959165e-01
1.970105218236709588e+00
2.807378525636200273e+00
7.329654704307050350e-01
1.169440757961539123e+00
1.486330672948940945e+00
-2.706387245798315133e-01
5.612545129598849769e+00
1.435229171138496795e+00
3.026634553903129188e+00
5.362909990911679969e+00
2.971685084410049971e+00
