2.847568030164812289e-02
3.380990524678767262e+00
3.302056438369491254e+00
3.429196221005897272e+00
2.618043362478097436e+00
5.885494537635418411e+00
4.592892867981636096e-01
1.027364510564037881e+00
1.266227725161655604e+00
2.268277888796369712e+00
1.959195254000256403e+00
5.255149895270756488e+00
2.011727276619040161e+00
3.453532486360012116e-02
4.267157468952134991e+00
1.552553310719917645e+00
4.456398612514214541e+00
2.197519598390250017e+00
2.264757501531835526e+00
1.337791509895257080e+00
4.435479266282873922e+00
2.640838257518892007e+00
4.133582086740916317e+00
5.050938949594388383e+00
5.017533782969586298e+00
2.765375883202676910e+00
6.395672081486380556e+00
5.151279872470012400e+00
5.038305829576812833e+00
4.626027265587747905e+00
4.216788037258795696e-01
2.332447562366970928e+00
4.533337498268365628e+00
4.183982549662169426e+00
1.661876137509020190e-01
2.816918015436237432e+00
1.735172536147584044e+00
4.984952670684107190e+00
