-6.387768289338459360e-02
4.712711721562504175e-01
1.524034950118776433e+00
3.333818245405682390e+00
4.697012149407454373e+00
3.869778922471557858e-01
5.484010081001400749e+00
1.658140058346023071e+00
2.099557884961220200e+00
2.959563614977549495e+00
3.720574538562549272e+00
5.121975503798957163e+00
1.110589527639127994e+00
1.473110677832291326e+00
3.601080206900381331e+00
3.636975457262989764e+00
2.814712986156409524e+00
1.432608850610961770e+00
2.599284325827498687e+00
2.132890449307235148e+00
1.173828771968656731e-01
2.413861605904510821e+00
6.422477128865586860e-01
2.659799285205433517e+00
2.444350891478094923e+00
-1.663591166036708646e-01
8.472970732740250921e-02
1.976441898451696044e+00
2.150547822294862854e+00
6.250420881211419255e-01
1.173408752680932476e+00
1.330150963448363699e+00
6.517244077465628171e-01
5.589326969889774510e+00
9.240075393119298042e-01
3.657558143340440271e+00
5.353280906446928000e+00
2.521376907283957358e+00
