0.000000000000000000e+00
1.213532310826135774e+00
2.238674987654151405e+00
2.848067421439485880e+00
5.532782836579237085e+00
5.386761310879789599e-01
4.924451047041197072e+00
1.671969394804285969e+00
2.127856411849837759e+00
3.330165575051156512e+00
3.631181209735764526e+00
5.105214357106945045e+00
1.149189619706284748e+00
9.029403961453110750e-01
3.056645684560016285e+00
3.968244340214754473e+00
2.302757380831585099e+00
1.293727076046925939e+00
2.702743704797946567e+00
1.963400974460495219e+00
1.657034353970743279e-01
2.528278829043348441e+00
7.615165686816172119e-01
2.594527284122415178e+00
2.411390903749766057e+00
1.127856690357963987e-01
3.006106959647431576e-01
2.169113632647171386e+00
2.721054580492981323e+00
9.613286078663677570e-01
1.251720843008084394e+00
1.513663444230826993e+00
6.822226086786943311e-01
5.944127170328884269e+00
1.134724053293767021e+00
3.906955696227581321e+00
5.089248918252094356e+00
2.813016108153739481e+00
