0.000000000000000000e+00
2.926651215924156890e+00
3.362209099501998200e+00
3.560109806356783313e+00
2.167981172656922251e+00
5.732872732442672259e+00
2.140256549250173723e+00
1.203697421993688010e+00
1.216930907021488206e+00
2.883216649097021023e+00
2.858454688348952555e+00
4.819789718708343607e+00
1.064580196256180278e+00
5.166759407394110049e-02
4.337163312160273065e+00
2.184442685779334870e+00
4.671020292115581007e+00
2.204449548956377125e+00
2.467923242193943434e+00
1.106856292332566882e+00
3.333417593392145051e+00
1.800090048308039092e+00
3.463275576256628518e+00
4.502864168174501636e+00
5.779363688500404272e+00
3.050805062681003044e+00
6.150102562888317692e+00
5.387183578805340822e+00
5.360856621555652346e+00
3.823746164807253933e+00
7.912024384287097423e-01
2.619473518162316772e+00
5.079633509837339744e+00
3.631610255758678463e+00
2.983671571919440657e-01
2.922522344616856671e+00
1.976810039382153050e+00
4.367184652158054625e+00
