-6.453043895342520930e-02
3.156073980480520902e+00
3.050235294774505945e+00
2.990242800878716078e+00
2.516328410263970916e+00
5.423934112508587368e+00
9.126328226765801910e-01
3.182972418504256940e+00
1.268394762144741783e+00
5.207207646659094635e+00
1.818635692298798734e+00
2.775622621486471875e+00
2.855480127157611347e-01
5.060871267025664366e+00
1.828705293020068678e+00
8.641514348092236286e-01
1.083277029660916657e+00
2.072120546060832957e+00
4.836190976569655575e+00
6.400322771753074846e+00
2.091594186599467609e+00
4.785402392239256564e+00
4.158785282490209845e+00
5.100456542731779841e+00
6.741140410602298738e-01
4.991763995894222816e+00
2.273801582794547915e+00
2.595830937272924466e+00
3.569031964104732779e+00
-1.055159057823541191e-01
2.487607559214890074e+00
5.046238463688215603e+00
5.918420259081000445e+00
4.436850136627051633e+00
5.185968202464100507e+00
8.096535147535651733e-01
5.115383499244128274e+00
3.432967125580176138e+00
