-8.146199114356411641e-02
9.538330391325232013e-03
-9.962745288368045002e-03
2.321046387218718768e-02
-5.604461986383572729e-03
2.933679608405097630e-02
1.200806367685341991e-02
-8.497759276896368896e-02
1.283634802182260538e-02
4.578313709026213957e-02
9.394409818454185985e-04
4.614462451850445679e-02
-4.181746223645321781e-02
1.806470255281117550e-03
-1.198536084070732366e-02
-4.796840985297610993e-02
-1.970180999319517956e-02
-3.754860284845240592e-02
1.249723020043565225e-03
-3.326780786700560960e-02
1.994221691568580368e-02
-1.808340235427509726e-02
7.755006509186049279e-03
-1.279722857052327349e-02
1.272826888855582532e-02
-1.537739128699100455e-02
3.030768661304280784e-02
-5.859200107352881270e-02
-1.267988553511209884e-02
-2.709217856185269779e-02
3.280275745407373184e-02
-1.026404316845094117e-01
-1.350571751622391473e-02
3.384025568239237142e-02
-3.651433196165276146e-02
2.609932860848174913e-02
-6.327816320058585534e-03
-8.687049271586139501e-03
