-1.642981304731100656e-01
7.472548204627436907e-02
-6.757512330880419138e-02
9.723121613755264514e-02
-6.592747072690508491e-03
-1.628122209397007622e-02
-8.955333042595844603e-03
-8.206667234210379691e-02
-5.214871281919271351e-02
7.723207571502169189e-02
1.506061690745240204e-02
1.115409034688337186e-01
-5.038379054147177488e-02
-2.287433650937148455e-02
2.046122033444550126e-02
6.349097575639983670e-02
5.471386261464684930e-02
-2.730271136008436111e-03
-2.595384518953710792e-02
2.295627708000433712e-02
-7.443489227001319486e-02
-1.923797463421661469e-02
-8.203058085067303773e-02
-1.236424406988685665e-01
7.275240749861519585e-02
1.005025530403485245e-01
-2.822728266351053408e-02
-9.773796195090407590e-02
-5.910710696176427192e-02
-1.844231055588667345e-03
1.533703018384103937e-02
7.900218210197271565e-03
-8.245148688215783728e-02
1.528574085009939444e-02
-7.883534955355831972e-03
2.086473162111788723e-02
9.398419823383167074e-03
6.304335804379598840e-02
