-3.110959574005148220e-01
1.450495150593511529e-01
6.110614181467871608e-02
-8.444727465596219007e-02
8.922446629590352618e-03
7.514552707453231450e-02
-7.312004763388903206e-02
-2.401073611237655725e-02
9.058803194706133155e-02
-6.999966976195666490e-02
1.283182992692059599e-01
-7.237921561822804883e-02
-9.968659208685988482e-02
7.763659196827273068e-02
1.765779918224525541e-02
-4.038206279053788671e-03
3.741418128819561095e-02
3.515317605997728134e-02
2.313161015550244028e-03
-1.269690060168171021e-02
-4.286579230308282945e-02
-6.852465384695981265e-02
7.815392222183853432e-02
-1.590039575942676364e-01
2.799727624530042036e-02
-2.390453700798917877e-03
4.860561004093539444e-02
9.181679514251950280e-02
1.112764990465690274e-01
-2.302663850330378958e-03
-1.175676333786359051e-01
-4.382063022592689282e-03
2.085177791541900985e-02
-1.496413984249414649e-03
-5.287362517386513805e-02
1.240091130489406196e-02
7.469289424002394095e-02
-3.110814618759547012e-02
