9.662677149050034192e-03
3.220272456006176842e+00
3.259288900712343562e+00
3.317368609101859711e+00
2.147520048112759650e+00
6.172070085347244550e+00
1.086686728399191670e+00
8.054601479588927582e-01
6.539627337202262858e-01
2.813150940124552246e+00
2.690537996412313504e+00
5.147955284836928769e+00
1.548408907153365544e+00
2.386826353680614188e-01
4.269408401068211845e+00
1.395672082577482653e+00
4.332914448535011509e+00
2.048029729985906044e+00
2.195854194830066053e+00
9.325391591640510569e-01
3.784733932807424317e+00
2.079686192783268162e+00
4.318509917252056240e+00
4.838938998746252551e+00
5.312517821773808713e+00
3.028731952083923762e+00
5.892533683782429144e+00
5.108280409134668076e+00
5.250372250186134515e+00
4.368937409687011275e+00
6.032445655277351992e-01
2.186209550826748949e+00
5.187776956911708481e+00
4.030641167992805585e+00
6.895603095079428924e-01
3.101871682844527189e+00
1.778294751671713581e+00
4.422735437228469735e+00
