-4.517715167249873598e-02
3.102968312137752260e+00
2.956635422645416345e+00
2.959486893458346035e+00
2.402314621514177961e+00
5.439931946192679391e+00
5.799329960978196752e-01
3.055313401155901332e+00
1.504798499633938746e+00
5.138763937944334614e+00
2.089249280567917033e+00
4.305259117680300562e+00
3.335844084690771094e-01
5.026450615375553710e+00
2.466841739852377646e+00
1.817533320261277119e+00
1.124559884322918313e+00
2.501156980152147380e+00
6.017821759129350134e+00
5.462325580258966085e+00
1.327870406622999377e+00
4.679024687108418235e+00
4.612831742213173492e+00
4.979192126558700693e+00
1.545914815074377779e+00
3.607331343495786768e+00
2.180166564780444016e+00
2.433691543223127862e+00
4.356624622603559871e+00
1.455978982650432352e+00
3.791155318929513740e+00
4.721832680900605261e+00
5.712946035715797066e+00
4.871338781443468768e+00
6.152494718822826947e+00
4.637928569098090370e-01
4.495444606544275246e+00
3.857577035921496034e+00
