5.479430316877138829e-02
3.216618403617985233e+00
2.436503662951790883e+00
3.691591404468858251e+00
2.238634630703105532e+00
6.273526425267077933e+00
1.007074035585565852e+00
1.271961725730623716e+00
1.109069614985242813e+00
2.634910287728278622e+00
2.905018327616160079e+00
4.821065558790456507e+00
1.258875285033620228e+00
4.575530600838298434e-01
4.042861702653873124e+00
1.880417729449806341e+00
4.158284824299421700e+00
1.968221030577146813e+00
3.053645411182880576e+00
1.484637354297083434e+00
3.291062062242582353e+00
2.161347738711128397e+00
4.236172118026067857e+00
4.792283715779338316e+00
5.756868823707713467e+00
3.240423362377292449e+00
5.675702732448877796e+00
5.102240063590891772e+00
5.089332813266067568e+00
4.941556031105824864e+00
5.555290983624520118e-01
2.110717544616705688e+00
5.066125469043720742e+00
3.987220214103678106e+00
8.558533374084974499e-01
3.002617376079418143e+00
2.248943905924305930e+00
4.588550690576993496e+00
