-2.874974089198688298e-02
-1.180685443771530008e-02
-1.982039769777845472e-04
-9.246323661735941085e-03
-1.584447740336193504e-03
5.628056645410997420e-03
-5.762372627316768607e-04
1.773394350963571108e-03
-1.293793880611234307e-02
-1.802906018920384310e-02
2.269704252552271189e-03
-1.416040782780322339e-02
-9.701227957590163181e-03
7.210981042490793858e-03
-9.150117283165110429e-03
-4.182271239086954653e-03
3.343859873320696816e-03
4.109902217036478546e-03
-3.179684084264266467e-03
-8.390738599144893436e-03
9.365095202556373080e-03
7.192183075767655601e-03
3.158756847240033749e-02
9.327643255701501684e-03
5.219048881472836132e-03
-1.274594731625181866e-02
2.178402508774562873e-02
-1.021182821471497242e-02
1.673250309645074596e-03
-1.858057573687844216e-02
1.843877913249775471e-02
5.175531697221061843e-03
7.989407636673147598e-04
-1.096984337672511634e-02
-1.765540740853925638e-03
3.730468888186403136e-03
-1.968008748985732026e-02
-1.085628475746132360e-02
