-5.174377219593587207e-03
3.044034724856646612e+00
3.027220580596100774e+00
2.941484698556321220e+00
2.553683759464990821e+00
5.402053988805717744e+00
7.922929802619316231e-01
3.486218404761010525e+00
1.769219693683618200e+00
4.853290488832058713e+00
2.309740085726401659e+00
4.271509950363958197e+00
-1.775137956486133317e-01
5.458052420218070466e+00
3.078777615514620702e+00
1.556687562743856779e+00
1.191145145691191232e+00
1.429329627453383766e+00
5.333803814686402411e+00
5.358267239410349880e+00
1.088924232442250783e+00
4.533875773207499016e+00
4.237237376367405162e+00
4.887254876482186816e+00
1.622277592089370835e+00
3.678577224798938339e+00
2.005139424877946386e+00
2.433783588341786430e+00
4.005308309804830991e+00
1.252234557409358962e+00
3.002571917886101449e+00
5.091663723034766775e+00
5.680890222375918341e+00
4.609402661815538593e+00
6.733954321831520318e+00
2.313952954535353213e-02
4.275964414293056848e+00
4.183616099859096771e+00
