-3.312197355774458563e-02
-1.431210330820117949e-02
3.504939887889040821e-03
-6.126149360215205758e-03
-4.102776091682882459e-03
7.243187695782295384e-03
-4.007064023176379504e-03
-4.365030169274697661e-04
-5.357862938673021817e-03
-1.846941014248900878e-02
-1.153287820234419683e-02
-1.034224589271769308e-02
-4.153287800149690727e-03
9.868108431753321030e-03
-5.280642356226848688e-03
-1.624376916322796058e-02
1.738234151769482011e-02
3.603400472689595024e-03
-5.197848598679952539e-03
-8.493963040457953168e-03
5.013795627402508996e-03
7.627331063318052405e-03
2.439453847526657296e-02
1.287298835607461958e-02
6.002176879405601850e-03
-1.387330023673225866e-02
1.740815426065345922e-02
-9.957392979276839112e-03
2.033921407164792500e-02
-1.722583678431246004e-02
2.323757484028620562e-02
4.008191177022299087e-03
3.049465131719094300e-03
-2.366919537873246951e-02
1.051558765112190624e-02
3.716362221998838981e-03
-2.536186151109735831e-02
-1.247940315171991270e-02
