-2.048065050962634415e-02
8.323256598617215923e-03
-7.595611965865355086e-03
-8.311788588193216865e-03
1.244613096241563993e-02
1.513496561779942469e-03
1.435562560320270513e-02
-1.192039678703746275e-02
-1.933134937689201527e-02
-2.550307303215140417e-02
1.408715233330963372e-02
3.839123798892563923e-03
-1.186910771676334166e-02
-2.222201900284245801e-02
9.618580657837124889e-03
-3.688447890829862907e-02
3.702176730705891011e-02
-4.106365303547699838e-03
2.013723587881012522e-02
8.106109281255153079e-03
7.707241462238387415e-03
-7.500334543738092739e-03
1.222976054721122132e-03
-1.189460485715435577e-02
1.105977278553780738e-02
1.744965397815086833e-02
-1.066301091355794511e-02
2.750762728199203713e-02
-6.963232831149879579e-03
-1.579829629701691440e-02
1.946698469788048572e-02
-2.501853638372169859e-03
3.804232856956028981e-03
-4.560578699020085766e-03
1.212295565491174586e-02
-1.290142027474212687e-02
8.737920379422850492e-03
9.550871688537574886e-03
