-2.598916865355384298e-02
-7.262935770402677294e-03
-2.225204403780374528e-04
-1.210273399125399389e-03
6.652744978032313489e-04
6.108463953298046145e-03
2.869102306621972281e-03
5.748646334460795482e-03
-5.160946538172173949e-03
4.000766147909898957e-03
6.734661525268761072e-03
4.286881949724380067e-03
1.837594011966440762e-04
-6.178700056132158461e-03
-6.333897347571369046e-04
1.935244966582968379e-02
-5.580767702962639853e-03
2.903193105968124993e-03
-9.259603200404826345e-03
2.566980311795273719e-05
4.276657796585228884e-03
-1.307752558315210083e-02
-3.851742156814788164e-03
9.255367478117241349e-04
1.038632789791817113e-02
4.432515053997304610e-03
3.582847050661335051e-03
-7.562810786028127674e-03
-9.417515312714260303e-03
-1.692208440896227897e-03
3.014833839384967532e-03
8.946137661940261124e-03
-7.745922921255872290e-04
1.629429365034501878e-02
-6.843019725079499578e-03
6.372194100187040600e-04
1.698299981245002363e-04
6.259622331933605011e-03
