-1.038566339224897689e-01
2.671880581074905989e-02
-3.014665226370229559e-03
-2.149404861268115752e-02
8.801887787851497141e-03
1.003132514991000868e-02
1.684220837185119654e-02
3.862083838642970703e-03
-2.228673108380212903e-02
-5.286231762088390573e-02
2.635584374432979951e-02
1.603514669828375386e-02
2.791538726782062663e-02
2.470615435450814953e-02
9.309912065284475791e-03
1.985405554216592219e-02
5.734334036581888866e-02
-2.572303468213071875e-02
-1.561514245040697543e-03
2.335078318760333560e-02
1.618783660693315753e-03
-1.570406538421396242e-02
3.037107982965346620e-02
-1.283836049877121318e-03
-5.205673516268910506e-03
1.797958455950196890e-02
-7.758127003784244698e-03
1.269375242401176752e-02
-2.660666229682733322e-02
-2.117573655164965880e-03
1.863391430383259592e-02
-2.529751603680432601e-02
-5.231002786004589761e-03
6.846262924969918895e-02
8.602800967856044298e-03
4.348954301301969499e-02
1.702073521361073538e-02
-4.755063410132118196e-02
