0.000000000000000000e+00
3.289956404523534772e+00
1.937592532130792300e+00
3.604936898974821169e+00
3.333991946509228477e+00
5.288161902285278160e+00
9.834847460769222671e-01
3.323487830430184697e+00
1.612812911714945230e+00
5.016608483445902600e+00
1.799210426799376705e+00
3.887673235826498708e+00
6.809036882384185141e-01
5.571537082172747013e+00
2.481931619936851519e+00
9.928315136711481914e-01
1.024237700033489240e+00
2.549639936825257802e+00
5.196865940302140885e+00
5.384066532096390745e+00
1.938005422933983812e+00
5.403189753728776523e+00
4.165086070243225080e+00
5.072065217180767860e+00
1.097942695283385062e+00
4.036390251187591538e+00
2.051668384566484260e+00
2.950520440034650971e+00
4.197010107784652888e+00
4.827760472979121253e-01
3.118080217863647086e+00
5.333527669140209149e+00
5.513814336711601705e+00
4.793158107716632976e+00
5.534432943523756698e+00
2.273948572278663427e-01
4.985024045698081885e+00
3.736886648031159552e+00
