-5.461647260435135987e-02
3.382464023143632925e+00
3.367467299750220633e+00
3.304757606039018025e+00
2.764078776333318110e+00
5.930847285882144604e+00
1.131277410345373213e-01
9.328715510229400598e-01
1.100748628028362708e+00
3.283886007269583907e+00
2.918967840741976794e+00
5.443607908555035735e+00
2.358133883706579503e+00
-9.534784662579169623e-02
4.015457621829126467e+00
1.733718632116501235e+00
4.641971313520032894e+00
2.072581198680951697e+00
1.817165841328607367e+00
1.344452833015258530e+00
3.616911760957305155e+00
2.120291410029136792e+00
4.189966882499047252e+00
4.813170240595196603e+00
5.476423430701240491e+00
2.922264837614578781e+00
6.122217048354752222e+00
4.481291621039372508e+00
5.488092718662066716e+00
4.589346038177218645e+00
1.107195419192235519e+00
1.922488459388094428e+00
5.391077917398488850e+00
3.749494041745507822e+00
9.191765831909185502e-01
2.526031676363672762e+00
1.403555638917406201e+00
4.344363686771646194e+00
