-5.037884767161264488e-02
3.418421929700186102e+00
3.407414384938438623e+00
3.360793281344085948e+00
2.788036252190828623e+00
5.959952490327427022e+00
9.191999323104756148e-02
9.176133213047409365e-01
1.142757670864564146e+00
3.223365653103655415e+00
2.760468152755711557e+00
5.410633282435439284e+00
2.375554565881816238e+00
-9.635993128841839617e-02
4.010058819005768882e+00
1.731051999589870105e+00
4.659827971843945704e+00
2.105956020165631770e+00
1.805244058126160622e+00
1.362078060324618312e+00
3.592082768584378361e+00
2.111411198292726166e+00
4.164366548741700313e+00
4.836046006867071867e+00
5.496155299284329665e+00
2.933492456271101112e+00
6.089156415023444957e+00
4.474158795112601616e+00
5.499301424781063652e+00
4.582369572245551304e+00
1.075855475291102925e+00
1.897376286172997251e+00
5.392491208827198790e+00
3.766527393753636765e+00
7.658429718226884564e-01
2.506740860899050016e+00
1.368741786983601605e+00
4.361452011204049128e+00
