-5.271861032044568296e-02
3.424039141205442505e+00
3.371397637755200627e+00
3.325511134503791322e+00
2.764176738748625350e+00
5.917171158190156710e+00
8.049269085508330146e-02
9.186058527381171235e-01
1.118267479861456470e+00
3.220772674401252367e+00
2.857518949546219655e+00
5.403573391816503424e+00
2.336874887226964237e+00
-7.765738997469177896e-02
4.045419667874514680e+00
1.739514724455963890e+00
4.670223894919153906e+00
2.076653876471649340e+00
1.840241398650976690e+00
1.350758873549089634e+00
3.611147094178600359e+00
2.129824212889374291e+00
4.162747434270554159e+00
4.830779612511580723e+00
5.458388486327368838e+00
2.941722875201531640e+00
6.081391730131872286e+00
4.490648258812392157e+00
5.487790572550028223e+00
4.587015902424630198e+00
1.118900537779422777e+00
1.897115898524661004e+00
5.358060706592564948e+00
3.770264517219212852e+00
8.649384049655148843e-01
2.527349367186375595e+00
1.464967164055688054e+00
4.397635582493004236e+00
