-4.548666112333390327e-02
2.430083620434528024e-01
7.452169098360017507e-02
3.225775958252970366e+00
3.022640668693578725e+00
-1.410560300612079543e-01
6.165202983536294035e+00
2.138303112276792817e+00
2.210807713121624385e+00
2.736315444857556400e+00
3.666811962280202675e+00
4.483937970322767974e+00
1.334042968119071748e+00
1.244371179942975081e+00
2.506791608652842118e+00
3.929768074008204604e+00
2.894488151657292008e+00
1.931801238055177006e+00
2.806685176389423386e+00
2.748535614204040023e+00
-1.384331126549438740e-02
1.982984537628692312e+00
6.890789439134256122e-01
2.976279512673667416e+00
2.355143979100537521e+00
-4.392322286132793741e-01
-2.444287748224779067e-01
2.067231289518673076e+00
2.855448914375187552e+00
7.890733470275865802e-01
1.079984313658498118e+00
1.504524847092663986e+00
-7.752016507288923830e-02
5.604456283639398961e+00
1.328946956135223401e+00
2.962225415804980333e+00
5.350216200928061383e+00
3.020130996170687698e+00
