-1.318755506223353025e-01
-1.446050012857406225e-02
-5.299169201666788231e-02
-1.722367300027367355e-03
-5.937756571546631140e-02
2.059470061862725410e-02
-4.542468717287292262e-02
3.673805176411974911e-03
-7.864807287593078566e-02
-2.529416056089854939e-02
5.461082252581313246e-02
4.485153190438227050e-02
-4.757230513649449849e-02
-5.491843378329847036e-02
1.186736678721321547e-02
-1.264991210243228241e-02
-1.669881208173106674e-02
8.742021901884095003e-02
-3.449989130563022033e-02
2.124954130909747357e-02
3.236200021674220245e-02
-3.326015033516433600e-02
-6.844904211000243932e-03
3.177646606922270717e-02
-4.185967151778620388e-02
6.297468999622729720e-03
-4.819833422518018939e-02
-2.085465058414887746e-02
6.168018943274174160e-02
4.001668305250663527e-02
-4.546137621667160032e-03
-5.030796857729156329e-02
-5.960447800626050840e-02
3.921331534082454079e-02
-2.714430531745591624e-02
-9.955816004424432319e-03
4.586305128653502504e-03
-2.992566301070542778e-02
2.618321127490981851e-02
