-4.491840279927846180e-01
-1.289061747155243742e-01
-7.365476985399781185e-02
9.421114340328965928e-03
-1.594467234435082148e-01
-4.509662335104930309e-02
2.529698719727147167e-03
-2.414626054327474458e-01
-2.188449101059253971e-02
2.165964023492447377e-01
1.396825976849980222e-02
-3.628328997585006377e-02
-1.600386662404802013e-02
1.106611273834933601e-02
1.616808567789683113e-02
8.538431872827662028e-02
-1.753554648722434328e-02
-4.237584063919415389e-02
-6.765660302240054935e-02
8.202984009451953079e-03
4.513400131999374676e-02
5.293514072866194881e-02
6.540726148568802578e-02
-1.062004828295300130e-01
5.565271814929770300e-02
1.216011315018664524e-01
-1.749054810655107650e-01
1.683965766395332797e-01
-2.524166334467366213e-02
5.238104969944760297e-02
6.050232262210178402e-02
4.374218042925073768e-02
-1.183966630729866853e-01
-9.432706519602762629e-02
-1.602936712834792665e-01
-8.503533709045668632e-02
-6.849122685634519148e-02
-7.049396733901569512e-02
1.191670596384101777e-01
