-4.577234800698060657e-01
8.930408150711566240e-02
-1.069608134207817862e-01
-1.733536319314687435e-01
-1.955710695216268669e-01
3.268044438406239593e-02
-1.528440156217359541e-02
-5.887602247345378320e-02
5.585827574016724584e-02
7.929486487042082532e-02
-6.313248034979472567e-02
1.317745125238977202e-02
-5.760595868511263901e-02
-1.011330676508511578e-01
-3.148687794577303967e-03
1.035048877917638388e-01
-7.861257728692118418e-02
-7.935829386500377336e-02
6.603146360369145651e-02
-1.584757669796029930e-02
6.296817878238490651e-02
-9.563849366688985387e-02
4.250301795164066615e-02
5.403036371040163127e-02
1.906054208835143982e-01
-7.353283122711089248e-02
8.089240041207096041e-03
8.049470724090174167e-02
2.978800283732083859e-02
-4.340853837532854254e-02
7.132370157995071569e-02
-3.392296475953068130e-02
1.550815238190924594e-01
1.656579425912493297e-01
-1.275353448961489000e-01
1.045829086617907147e-02
9.239399283931050422e-02
-5.094689454766537090e-02
2.719940349487949272e-01
