7.504117936066447003e-02
4.013318361690129343e+00
-2.354889028981469734e-01
8.585360969437628720e-01
5.859200612744130510e+00
5.345491068072098173e+00
5.495532163205071541e+00
6.165036188639734682e+00
1.437179943844384189e+00
8.834813285955150919e-02
5.138031151839178357e+00
5.641735501188025914e+00
-2.078127967379765906e-01
5.404966965704143256e+00
1.894527999579460831e+00
4.297414991671412388e+00
3.549219840883359289e+00
3.736364692982340863e+00
3.777803986572174644e+00
5.670851052933445935e+00
5.415972180890554100e+00
2.722699010715977419e+00
1.191807340310807595e+00
2.584062704103024632e+00
2.235212159164261525e+00
5.824083275016530337e+00
4.380329402206007749e+00
2.594295640899586974e+00
2.055641172433579911e+00
4.048910790254169001e+00
1.412144175469952856e+00
5.813164949386013802e-01
4.474675927159196043e+00
1.235549760074021508e+00
4.043284610022221059e+00
6.032835219841265584e+00
2.751031495232985069e+00
2.850100718764112084e+00
5.006571626134612707e+00
