2.151826619865748746e-02
3.749147602184144557e+00
7.050108820281178468e-02
9.946972670047101728e-01
5.902109248831142629e+00
5.637544588990499150e+00
6.018721834994895659e+00
6.118294895121850097e+00
1.381546422321179524e+00
1.066480258715602203e-01
5.369276585918008493e+00
5.715900937124489545e+00
-2.740098356394617962e-01
5.213254431213098172e+00
1.663129114229980443e+00
4.358997703865912676e+00
3.716087590984535449e+00
3.679920208837792472e+00
3.858560095112308908e+00
5.635199537331646802e+00
5.351856845344244107e+00
2.310831375627411255e+00
1.133311490558605250e+00
2.586243424665868762e+00
1.657556129318583871e+00
5.725647385038016068e+00
4.322828020790214332e+00
2.211299882908315251e+00
1.897838827304725529e+00
4.018331682500633661e+00
1.195973168623046590e+00
7.771844902747092609e-01
4.529433005648829003e+00
1.516136449340734993e+00
4.372097172837070111e+00
5.984173238529243655e+00
2.116079803320912944e+00
2.479507752173971458e+00
4.923810071674991740e+00
