6.522385945848652167e-02
3.205096951270788974e+00
2.450670913984817970e-02
4.829816724008528239e-01
5.601399756975687261e+00
5.165830733883681525e+00
6.421807288562736638e+00
6.270211849535589188e+00
8.354552421217386060e-01
-1.444337786310851690e-01
5.556309253358372224e+00
5.761817404163108947e+00
-7.531828013744024108e-01
5.768998457191879758e+00
1.749157284603418239e+00
4.747933922408680729e+00
3.277239594265399347e+00
3.990187049642087480e+00
3.680680032492986253e+00
4.711262351830457717e+00
5.052510911321587805e+00
2.390034077784126687e+00
9.548949948282110523e-01
2.060822803370772505e+00
1.996435729019232719e+00
5.796278744804356009e+00
4.815973215531009544e+00
2.884913913342089131e+00
2.278296840277823865e+00
4.618844861591198558e+00
1.153299704137080495e+00
1.263900237721357289e+00
4.702607854041057855e+00
1.395835384837510462e+00
4.561974945127002634e+00
5.343578480073253090e+00
1.270163666379275025e+00
3.216346822324414934e+00
4.821440436759039549e+00
