3.936912355362656712e-02
6.729233817306251586e-03
8.471248875985271098e-06
7.482613660625414553e-03
-2.444549582290150846e-03
-3.645351136834923400e-03
2.640177553577677250e-03
-7.274536656647762056e-03
-2.326293734467715923e-03
-9.772972177617827994e-03
-1.928971901914849907e-03
-1.244941380887376603e-03
-5.766867348239168578e-03
-1.132530687720373352e-02
-4.663392853300474261e-03
3.865631514974460226e-03
-1.513290046007906287e-02
-9.394022562874554394e-03
2.238835657662752165e-04
-1.252861335293217748e-02
1.034249878231405240e-02
-7.139250360593124567e-03
6.989442700826298260e-03
1.171301892283205248e-03
-1.121584531629457593e-02
4.877575348824492174e-03
-3.326655082045576473e-03
1.578531435989308229e-02
-4.707809070966101350e-03
1.339329588640608693e-02
7.447081909472963446e-03
2.542250587562328024e-03
-9.171623913898502289e-03
2.418617775674924975e-03
5.832215207741270335e-03
-1.199199700045033845e-03
-3.195367583811586920e-03
5.643406976538895004e-03
