2.676292980199196370e-02
7.582770071568045722e-03
-1.343460238889537806e-03
2.880209751254803052e-03
9.359860629609695337e-03
-2.065191805327576402e-02
9.947896803183531311e-03
-1.157885591660662294e-02
-1.953453359140877588e-02
8.580504761573903849e-03
-1.530465429302324543e-02
-8.981721920028884476e-04
4.144868827500591824e-03
-8.565964634658917998e-03
-1.793262911862353315e-02
2.398141867379632863e-03
-5.082741033612947490e-03
-1.792389665508653529e-03
9.990882808563750217e-03
4.748109891372642721e-05
7.426168599326821163e-03
-1.333717868350764446e-02
-1.370498608696535392e-02
8.151281294908885311e-03
4.140352596361529525e-03
1.122882166155331207e-02
-6.247654546487346749e-03
-2.123596709938113669e-02
6.232747447494635384e-03
1.146175662627285652e-02
-1.175931162774451755e-02
2.572334086188565738e-03
-5.997198874660436552e-03
4.671490746316342424e-03
2.644798580662965914e-02
-2.651433546677073316e-02
5.540023366272517347e-03
1.979646201306917153e-02
