-1.135117722365040771e-02
5.620002737922319413e-04
6.547665274553304826e-04
-5.927190989537742261e-03
-7.107399699161909279e-03
-6.913297983125038515e-04
8.528901001246536051e-04
5.648625627571041141e-03
2.469522416420621980e-04
-3.915912284106065622e-03
9.249681066653830941e-04
-2.407983851378248108e-03
6.250423237796551290e-03
-2.672338879046790017e-03
5.290364537505892750e-03
1.158545467677338237e-03
5.352775948180843457e-05
-5.886783998633460246e-03
4.483174712542614682e-03
1.320817915760261196e-03
-5.299939644055548515e-03
2.734668042144935973e-03
2.274417953236282375e-03
-1.263563968083650235e-03
6.547357477145951399e-03
2.528476845215996138e-03
6.039750258084175538e-03
-1.184453357876841251e-03
2.411196014986266567e-03
-3.792106308868684050e-03
-8.968040213436570540e-03
-2.129517442375425396e-03
-7.837961800861298345e-04
-7.709412494245199143e-03
1.141680892619706400e-03
-5.398009760536337520e-03
2.575185343830013740e-03
-3.860774603660355186e-03
