1.241483782096763910e-03
2.349994591283044443e-04
2.906988885720274141e-04
2.015205710637069103e-04
-1.735779124600878021e-03
5.386736347777476563e-04
-2.232366286183257165e-03
-1.121596869199659174e-04
-3.341941222454597460e-03
-3.870032569148335044e-03
5.533687852561641751e-03
4.038577781657198829e-03
5.295094629691882160e-03
5.242553190610427238e-03
-1.088767992213010571e-02
1.970507043126679125e-03
-8.891142327591139427e-03
8.615115313845289613e-03
8.838337056584627538e-03
5.474756292842691829e-03
-1.079952577235157585e-02
-1.440791609283453845e-03
2.428777734486686768e-03
4.973620278646284643e-03
7.760050017933256550e-03
5.385560216102786013e-03
-3.982863164709443682e-03
2.987048494836053170e-03
-3.282599435328048543e-03
3.481328968591573814e-03
-7.648618231825832225e-03
-3.880946067985613368e-03
-4.787065672248042025e-03
-1.351186545463234356e-04
-3.155578541524928227e-03
-1.182742419628124431e-03
-3.879996718879341611e-03
1.780644317758706130e-02
