-4.294349077943807047e-02
-6.481498530160750837e-03
4.156563240299837592e-03
1.628543886116745609e-03
-2.955603075650847789e-03
1.912495073332770579e-03
-1.693136258366229052e-03
-4.542684830730059353e-03
-2.892996753614540673e-03
1.320549197769693706e-02
8.767269462500726362e-04
-1.004982634221149307e-02
7.218936338461434676e-03
1.350584298695153840e-02
7.020559366060358242e-03
-1.117201529421754658e-02
-5.721405883785113389e-03
-4.455852481693306499e-03
-6.355595867299501656e-03
-1.256441046473474876e-02
-1.451826247113666146e-02
-9.084957168069979216e-03
7.351333469914067553e-03
3.686810542188195816e-03
-5.940189119670730156e-03
4.843727845031675638e-03
-5.137450851018521281e-03
9.761262187001767954e-03
-9.098826095777640122e-03
7.582370703529406342e-03
-6.932740655423569320e-03
-2.636476401779441758e-03
3.841795766061639750e-03
1.852023931350060826e-03
-8.900884955302668100e-04
1.378790094250237352e-05
2.654332361545774788e-03
-2.278593763758302027e-02
