3.934593628012773847e-03
1.551647726321173093e-03
-1.458942770196300365e-04
-8.187078852318549482e-04
1.373844550424971160e-03
5.637271123401467118e-04
-2.273730012524398901e-03
-1.077826268177945607e-03
-1.850260303044165555e-03
2.344661690820669386e-04
-2.661855760496042306e-04
-5.869101264829781200e-04
-8.904441350525470547e-04
6.430212096022579898e-05
-2.065563680248841058e-03
1.711052208122967877e-03
-5.977353188151360297e-04
-2.618661201509581149e-04
-1.250924300735399737e-03
-7.967860477854117607e-04
2.029576967981492654e-03
1.342261147878592159e-05
4.659325490263387798e-05
1.334071646352124642e-03
1.164993278441380647e-03
-1.238558914310643536e-04
1.065807864598748711e-03
2.333700397641122470e-03
-7.234535018307061000e-04
7.376608749016817096e-04
3.975257703716468180e-04
8.068615559215543132e-04
-1.238669713538509062e-03
-8.349517401800600480e-04
5.487077296435077800e-04
1.865160046063949785e-03
4.816239200261963199e-04
-2.629533339660282409e-04
