2.213617541005352685e-02
9.692273637319781532e-03
9.115215656926856092e-04
-1.635116920334356294e-03
-9.003094901538499784e-03
6.394281935537260431e-04
-8.008311670054668596e-03
1.726288651957008646e-03
-2.832893164841920886e-03
-1.655112146295434350e-02
1.011089788283126012e-03
1.331380776459223370e-02
-5.601837123510311489e-03
4.098753524084397526e-03
-6.610605218608511802e-03
-4.046876492767859101e-03
-5.877551136762582118e-03
-1.072838670332365574e-02
3.475155653694106395e-03
-1.647560516834789546e-04
2.741985193586982117e-03
-6.365096496749322874e-03
-2.515637060641895406e-03
-5.452903753533355768e-03
-1.069796700878256068e-02
7.315025920065498788e-03
-2.349823226624470074e-03
2.008877777234102657e-02
1.497668485322262155e-02
-2.062551024504394315e-02
-7.480231321507768705e-03
-8.723226915113846403e-03
9.642009933530371057e-03
-8.044708618877571826e-03
6.205495730986221314e-03
5.784490547146303729e-03
-1.007390547282799309e-02
-9.371226581192382277e-03
