4.949183380936923726e-02
-1.021414117023146384e-02
5.699498165090410851e-05
1.586994009513190140e-03
1.468924453211159498e-02
-8.153830509003909266e-03
-7.764047277271021730e-03
8.080052742338861282e-03
-1.162573511309487884e-02
7.751867442222504234e-04
-8.491560202390779910e-03
5.436173072023015029e-04
-8.165987723258300024e-03
1.219555574908347262e-02
-2.827725344460227386e-03
-1.073707691767039618e-04
1.309511252363913802e-02
-4.007415391280716443e-03
-3.046028367688011218e-03
7.070299044582145642e-04
3.156708656406811975e-03
-3.183753076495612899e-02
-1.904005843614275939e-02
-1.644523125749614012e-02
5.061548972919854839e-03
-6.017034821781397369e-03
-4.897125227033838346e-03
1.448704053854527052e-03
7.960472615288483045e-03
-9.742769706234596927e-03
4.935351355025985320e-03
5.469062627902129825e-03
1.355274097049503912e-02
-1.795484804128881506e-02
2.814141830806068945e-03
-9.876421703039484079e-03
3.425695126874073182e-03
-7.066034250768904457e-03
