0.000000000000000000e+00
1.734313357473253214e+00
1.913045073280465358e+00
4.109554618829099226e+00
4.576965231792445188e+00
1.765250315273951598e+00
5.474812204910247893e+00
5.775098501779571514e+00
5.556828120816255101e+00
6.030306982102368707e+00
2.679297827170654234e+00
1.460770605021359581e+00
3.462708198207489207e+00
1.051633063736518769e+00
1.182051536129055669e-01
5.394598029763108649e+00
2.976237576198194068e-01
2.709319443952414863e-01
2.418140036500878720e-01
3.388898667807196841e+00
3.951158664233434870e+00
1.370033375697080391e+00
8.374209151662064254e-01
1.410336624575983411e+00
1.698684717065913896e-01
2.476870975970387523e+00
3.670133514903473060e+00
6.137331094550909860e+00
4.603855648978271375e+00
2.118871627483132514e+00
1.770370317409579064e+00
4.959648637726773224e+00
5.495802420065263760e+00
1.643399482978335380e+00
3.870603042157814588e+00
3.750949910986268954e+00
8.803696610340105977e-01
4.554623599630379438e+00
