2.816197770969082470e-02
4.316956400773558356e-01
5.700272498990318404e+00
2.956327966987094324e+00
1.895577230925006740e+00
6.412425606490653740e-01
7.002567591918428258e-01
6.295422772348830520e+00
3.138016182936020027e+00
5.527995843118679531e+00
4.966088352294215191e+00
-3.241334059391929451e-02
1.040301148462274616e+00
1.543138966371956577e+00
-4.762048982521742135e-01
4.461291147052373951e+00
5.540190889969202281e+00
4.606329173295685031e+00
6.484680741918637248e-02
2.192390551738176097e+00
5.722786047075114624e-01
-3.737701127783060046e-02
3.424421825393126007e+00
4.516545886326174042e+00
1.794660513248482303e+00
2.069053082058402548e+00
3.825129666824771846e+00
4.047210018334600257e+00
4.117478630012349150e+00
2.313997496737676851e+00
4.381522294556500441e+00
4.519931792714103835e+00
1.833086856028005585e+00
6.415357224544027126e+00
1.992200829792866834e+00
5.320288481200667441e+00
3.915936451633738269e+00
3.578312143875107765e+00
