1.294321992045646685e-01
6.274032715558832685e+00
5.520066889631978224e-01
1.270116461682826658e+00
5.243125612742622010e+00
2.513177628340301784e+00
3.383908995872566550e+00
5.164172496727009509e+00
2.106283058987094670e+00
5.825275042688800475e+00
2.898644094221381362e+00
1.158841963547244225e+00
4.892395767772560689e+00
4.297883125860620268e+00
2.691622291739966810e-01
2.939208594627908067e+00
5.319975977071175421e+00
4.357601078762495028e+00
4.575774773683288110e+00
8.811124848476553639e-01
5.023064509304917991e+00
4.133575290291033433e+00
1.776929692185766019e+00
9.450298863610626654e-01
8.279306308607753406e-01
1.303945991613337574e+00
4.589135764709552312e+00
4.083833868836697967e+00
5.713822555642923184e+00
4.163384634386940064e+00
2.333233508569443337e+00
4.800157278478636158e+00
3.002888288524215188e+00
1.642578562948576515e+00
6.461087280667670019e-01
6.511348646582191257e+00
4.570033671810242559e+00
8.108077744479403881e-01
