-1.457351866524476784e-02
3.252512373203185980e+00
3.504869921956764944e+00
3.853319935003995944e+00
3.957761297781825505e+00
5.825824933722049126e-01
5.494751161225931213e+00
4.046595029665452925e-01
3.339006215974333447e+00
2.254735431975197990e+00
2.427736069259603724e+00
1.884951951137168402e+00
3.746568034244661671e+00
4.794889549519139038e+00
2.621038945464917891e+00
9.111675885143277753e-01
1.714442564859820939e+00
2.734608892040775618e+00
1.664585989540122934e+00
2.626549875238375353e+00
1.027089409277957666e+00
1.761122365574951276e+00
1.316342320589553694e+00
5.511919488618863383e+00
3.196674599321005950e+00
1.253763909015404243e+00
4.158637597262595520e+00
4.701853027482441938e+00
5.772626254004382673e+00
6.153416359564199745e+00
1.205398918468909342e+00
2.253685438363266513e+00
3.400788540302054574e+00
9.963578318373972342e-01
2.887862728556697789e+00
4.422874303508599780e+00
2.684555095626173671e+00
4.387226545344651285e+00
