0.000000000000000000e+00
2.341771712858553567e-01
1.021660321805888116e-01
2.762627983016033628e+00
3.449721030916388376e+00
4.847623868164052219e+00
4.304444005745904356e+00
4.126861469739923294e+00
5.609424695841088493e+00
1.522525756178567669e+00
4.546731707042254989e-02
5.967350790054302578e+00
6.001922659270725546e+00
6.234047770048992909e+00
3.632136857881810066e+00
1.671383637743553141e+00
1.041370595436192481e+00
4.634170498441518404e+00
5.923303301722815384e+00
9.149099951486534543e-01
5.443302104589895940e+00
4.148741002527408517e-01
4.645396110509005361e+00
4.897426750738629764e+00
3.294457905231721551e+00
6.955846802560136100e-01
2.930384424883344607e+00
5.012075068262961786e+00
5.305761317137375421e+00
2.884949051764844175e+00
5.813500987623072547e+00
6.050587053775990043e+00
4.466236192167384600e-03
1.971185432967793361e+00
3.699623108245028824e+00
2.684978845991430330e+00
6.235883607912169779e+00
3.185513761728000937e+00
