-4.541828036838155280e-02
5.166891396603035425e+00
1.596447683024604158e+00
4.172139106986463730e+00
3.652066304798573970e+00
2.109692033664610777e-01
1.971962480013262145e-02
4.360859884713488732e+00
1.478541746047613570e+00
4.815157647898508309e+00
-1.170463474987003261e-01
5.443610666963796696e+00
5.852075718342950594e+00
1.272163935740016738e+00
5.412476499278410458e+00
4.291286084061361805e+00
3.029421575883088025e+00
3.467372921155157606e+00
1.617005240339584038e+00
1.682989004332479555e+00
2.965188778028237326e+00
1.100200672279767700e+00
3.598796711676041760e+00
2.607856835153258057e+00
2.338474093691169209e+00
1.241828106480775240e+00
2.173609547734673519e+00
4.917907209687548686e+00
3.470011590318494044e+00
5.966820079564199908e+00
1.831903762880306152e-01
1.057699699419028416e+00
3.641090212654988001e+00
1.833254417264525760e+00
5.152166097272940171e+00
4.905447897244187949e+00
3.840082555382926532e+00
8.245947077356042820e-01
