0.000000000000000000e+00
1.388695453713900685e+00
3.369143697337477761e+00
1.081668475950266162e+00
3.360507731320243607e-01
2.275767072260149071e+00
5.723284039483009344e+00
1.689432405704865969e+00
3.765443730457087135e+00
3.284976662559591087e+00
4.060495451743602047e+00
5.277656348709300005e+00
2.736713982446258075e+00
4.963470460839684684e+00
4.145865902677349446e+00
3.183905546512774354e+00
4.599648428444033321e+00
8.878737297119894123e-01
3.317643353179224430e+00
1.206678631677720936e+00
1.943117057012231141e+00
4.486882500203163815e+00
1.817836859612332212e+00
5.332821067363028966e+00
1.433771706246920408e+00
5.959469838560996907e-02
1.077851782323431262e+00
2.732183234805174443e+00
1.211636624739398815e+00
6.205140083031435161e+00
3.683197732778710431e+00
5.227483151770125680e+00
8.495340790632140981e-01
4.085360562981692034e+00
6.046165309204647897e+00
3.516698276000237655e+00
3.302440965826977659e-02
2.799175037253722742e+00
