5.718489957530486362e-02
1.698479521471893516e+00
1.529495089695016352e+00
2.124389135900238035e+00
2.354200546544884531e+00
5.126249711205132620e+00
1.172885535458984219e+00
3.093116370561822759e+00
-1.049867824762626238e-02
2.809387766076413495e+00
5.250154985965912680e+00
2.946599164934401660e+00
1.083478355635181467e+00
5.604309766726171205e+00
6.458004299597521758e-01
5.633907944352429809e+00
2.655558263142400399e+00
1.662170205388812327e+00
1.323800211778071168e+00
3.869985133107743280e+00
6.014233007286171606e+00
7.976592363060374113e-01
-3.066635521888475546e-01
2.623146193010437999e-02
1.546304993571975483e+00
1.386986462736399472e+00
4.369499553751234888e-01
2.215741843641268805e+00
3.886272426758864640e+00
5.039392843303395431e+00
4.363602044447680406e+00
5.291407504404933348e+00
5.821038172338693251e+00
2.348501391130373595e+00
2.865187821664612944e+00
5.810576283236384754e+00
4.329858897208258561e+00
7.064941663023841301e+00
