0.000000000000000000e+00
2.915097909528016062e-01
5.665119804490674760e+00
2.868964182734618618e+00
6.343669019001044740e-01
9.966587674092541871e-01
6.140431367711540744e-01
6.097118749131637649e+00
3.658207095375500373e+00
4.902443838212681371e+00
5.213883369182042316e+00
4.412679190517083683e-01
6.294369056383530836e-01
1.639499865414418833e+00
2.081032603085798960e-01
4.505715625538401881e+00
5.475220097973132027e+00
5.287048234107985856e+00
2.401895359258036378e-01
2.262982070416984737e+00
8.799559307822782950e-01
3.433907451500136515e-02
3.366437332124139648e+00
3.783009508740582838e+00
2.120547117654665747e+00
1.471002027476273177e+00
4.053189809641421171e+00
3.674979971318149019e+00
4.013988901620997751e+00
2.664546171474407643e+00
4.646725513179638334e+00
5.061160761335194991e+00
2.054441693366482191e+00
5.512451019635777882e+00
1.768944916029045800e+00
5.548932819110659942e+00
3.536083314247225662e+00
3.207700476379957255e+00
