-5.580621563018372394e-02
6.290115759718926114e+00
6.288450866318960664e+00
3.194519632552823563e+00
3.122324713585163725e+00
2.844230913110673331e+00
2.526496639004568667e+00
2.016979310049731300e+00
4.243191649445309466e+00
1.490832113498013145e+00
5.202876449650566393e+00
5.349567541015852967e+00
4.819984461558335376e+00
4.606753755061650857e+00
1.262620820494166018e+00
2.597624900884667465e+00
4.677627824496398135e-01
2.000941588866133269e+00
3.846559426964791140e+00
3.160993015156871699e+00
4.026241712749740742e+00
1.721060976579337654e+00
6.142871109545526842e+00
-7.808233897977388815e-02
2.036618498305925451e-01
2.668473831462899959e+00
3.894014847345820929e+00
4.832065600908944880e+00
-4.321060117201899198e-01
4.068375004527256422e+00
2.021761789239473028e+00
1.058500579441803646e+00
3.423256474262539317e+00
2.309496025862102009e+00
2.154823003345356369e+00
1.151912086470877616e+00
2.262424112490552641e+00
4.623423236500930678e+00
