0.000000000000000000e+00
1.568817957304817323e+00
1.465347937428690184e+00
1.333939116093514121e+00
1.931677959690363489e+00
4.123428866899355505e+00
1.888688970802429035e+00
2.464212690066029943e+00
3.684759952378435233e-01
3.182490394638757714e+00
5.701520328803168169e+00
2.734070105644191617e+00
5.640231070080096165e-01
5.386877181769116341e+00
5.930476913793476523e-01
5.500854455664591747e+00
3.165362745581891790e+00
1.614683257111522385e+00
1.408980150476669468e+00
3.526348024964452765e+00
5.542617664427958779e+00
4.966617881866576822e-01
2.054793256306723659e-01
2.035089261887599796e-02
1.675579349789601658e+00
1.123977309503700006e+00
9.481867745630643760e-03
3.079674593069681610e+00
3.672410458064875538e+00
6.168033662636423387e+00
4.249609915225278201e+00
5.345276200911871278e+00
5.832483686284382962e+00
2.396461365793612242e+00
2.039922705738078879e+00
5.459032116206947727e+00
4.559675500594133624e+00
6.280301815368145135e+00
