-3.243277808897591930e-02
5.251544337082897362e-01
-1.401124294116289914e-01
5.455685789487124460e+00
6.790318530941229724e+00
3.823299400683535687e+00
3.458942836543062338e+00
-2.266398766050970945e-02
5.320173246082228857e+00
4.513967000051994916e+00
1.480700536288836133e+00
4.339689260827578998e+00
5.113084351121261584e+00
4.657011134348496562e+00
8.693408165864584536e-01
4.358982028226901506e-01
3.868249443070013172e+00
2.561110128179794998e+00
5.980536231099414124e+00
4.128026195036361479e+00
2.518925725849301411e+00
4.794766821740486407e+00
3.357563353862714983e+00
3.093599248820875225e+00
4.464263826566991611e+00
4.338260861409340308e+00
6.241249354863601440e+00
2.466569891887565369e+00
6.120838366087713034e+00
4.794402974634669690e+00
5.583613198346379924e+00
5.865121297749824159e+00
5.224148856503820326e+00
4.607191857249330447e+00
4.200736024962073323e+00
1.574106818952601961e+00
1.709478246444783855e-01
1.898693109767672027e+00
