0.000000000000000000e+00
6.041500324926599497e+00
4.236855302739748752e-01
4.428045255489768017e+00
1.863623728189821138e+00
2.320803466976560259e+00
3.501709945150910830e+00
2.638185123297764445e+00
4.838186663342522564e+00
3.320743557447304983e+00
5.914703226219826249e+00
8.878816118981885941e-01
9.787787445197518865e-01
1.069971883276104263e+00
3.158531561567670121e+00
5.987801713797586967e-01
1.939826755782550372e+00
5.553702214103561907e+00
5.659027730455659100e-01
8.288461548401816481e-01
9.671326366527851492e-01
8.635554196285626372e-01
5.039016812988128535e+00
5.766722396894519598e+00
1.487321552614841336e+00
8.814675524864188372e-01
6.843108332089967716e-01
8.904160292371248175e-01
3.775872714347797476e+00
4.928077335910603374e+00
1.675074970514750516e+00
2.503668003523238816e+00
1.481769071877941657e-01
4.974186809439206103e-01
2.060100487303038186e+00
5.509274213027973488e+00
5.379135827745636256e+00
9.898227102270770184e-01
