-6.087452681618722022e-02
-2.483149941326255328e-01
6.284328553809569229e+00
6.087149150418131427e+00
6.212017485920586779e+00
6.163957689433074094e+00
-1.098175662766868732e-01
1.297756920476587084e+00
1.413638473214428704e+00
1.203564641805683788e+00
2.332750856887591873e+00
5.968191961843929860e+00
1.595624848193058609e+00
1.067321238337612055e+00
6.081041968628728256e+00
2.978937223309864102e+00
1.063161528021436153e+00
4.202452302590857336e+00
2.231287090273503804e+00
-5.703489441902996893e-01
6.315476687821475199e-01
4.366652785325603858e+00
2.142393079714579596e+00
2.421433840320607711e+00
2.945549100937131737e+00
1.667321860486110641e+00
3.517821189039780805e+00
4.646915747138055330e+00
6.408537006933507030e+00
4.024651077492778839e+00
6.406367242295163855e+00
1.104001616773569561e+00
2.028303480261904213e+00
4.460991840512933848e+00
6.378436352551256405e+00
4.504000167346208450e+00
5.431099923015746178e+00
5.376369365951497059e+00
