-1.326187156518861543e-01
2.912738993744183436e+00
2.672109966178759954e+00
1.071280578493328361e+00
1.054764867732800537e+00
2.495437636006538007e+00
2.816641845114649989e+00
1.911895421502138426e+00
1.362534819951957132e-01
3.518689815991748571e+00
4.300442874252769165e+00
5.424986803763859555e+00
2.451988371568727842e+00
4.130143793052478252e+00
4.479545710280869564e+00
4.276458323005748241e+00
3.880618825822590434e+00
4.906702768659200409e+00
6.279936573441682768e+00
3.284367583729452811e+00
-4.946428988431396390e-02
1.215454505558481335e+00
2.484050948077019427e+00
4.661634455370992636e-01
4.351319722614124252e+00
3.057163097635219096e+00
4.450275828954171509e+00
5.917611544003571922e+00
5.302625735564615361e+00
7.150499204107690909e-01
4.925959458409926661e+00
4.831112145577366235e+00
3.239121926030445131e+00
3.571060245874578598e+00
3.043082024142940600e+00
4.586642693726016518e+00
5.987120291368672298e+00
3.435589713159967751e+00
