0.000000000000000000e+00
2.889952498802882186e+00
5.767012826551789040e+00
4.861229912189747537e+00
3.418338288575080153e+00
5.632852058881145929e+00
3.214287847762984374e+00
6.209489086671784897e+00
2.293199191116650493e+00
1.536846779635791416e+00
4.858132278860764153e+00
3.131653041135269877e+00
5.287701281093754702e+00
5.500858389533219928e+00
4.225595838991874409e+00
5.461057552363302925e+00
5.811061715284400186e+00
5.298961385119276279e+00
1.040964743427467809e+00
2.006809722843672983e+00
4.083816172933034672e+00
3.646655962899365555e+00
1.137616349540525151e+00
5.983313733498508036e+00
2.779005807290493291e-01
4.749450248847869593e-01
2.028559480660567349e+00
1.214846853828573492e+00
8.168890529857487925e-02
3.208250010256387785e+00
2.695019647944057350e+00
5.151514819774019038e+00
2.177210783732292931e+00
2.108257456880768377e+00
5.898605364312870414e+00
3.847632529870655738e+00
5.583751119505078186e+00
7.679483326516013397e-01
