-5.368051659868470354e-02
3.382389209960257742e-02
-7.255955892738900903e-02
5.143498236459050077e-02
3.679989864789528359e-02
2.611202112202431688e-02
4.767936059929682446e-02
3.528848634623548558e-02
1.113868711196802919e-01
-3.621194770228403081e-03
4.665669862209054046e-03
-2.991031306420659577e-03
2.570729210118284647e-03
-3.621853484743011581e-02
-6.441790554286117021e-02
-3.439721738653649802e-02
6.169854491956589838e-04
-4.417308168418724278e-03
8.656184439617983437e-03
2.308005131911061714e-02
1.576463617458298896e-02
-1.340700301402428067e-02
-1.895103616455217840e-02
2.855731966901418981e-03
-7.388755220450249524e-03
2.315105181765007587e-03
