2.132639523638885370e-01
-1.750378942427691792e-02
1.287060839147524394e-01
-2.639056082411370130e-01
-7.777062221350694582e-02
-1.668962633471125223e-01
-6.757013976670687982e-02
-8.077270486784085546e-02
-2.108320990497897507e-01
-9.959113598977107837e-03
2.078102324050548275e-02
-1.060626437469673056e-01
-6.074613506465005586e-02
-9.568833934471365765e-02
1.609121266766972147e-01
2.912546833963061341e-02
7.578551154614077134e-02
6.266638536429551543e-02
-1.506202416806016846e-02
-1.633916248233779553e-02
1.420937907565589589e-02
-4.496373858105576216e-02
-6.294042405549588395e-03
1.354805572017868213e-02
6.715286438150659676e-02
2.816705409226481077e-02
