1.770168710936580458e-01
1.365636992498341640e-01
6.251647343342646435e-02
-3.260552382565827523e-02
-8.944895902289162759e-02
-2.595423737232858269e-02
-1.238719574047783892e-02
-3.842381032528158907e-02
-9.155512602954658796e-02
-3.400645740340149659e-02
1.716175363761775208e-02
-2.568792983737008470e-02
1.181202668852074922e-01
-1.638421913586549788e-02
4.217062013445180974e-02
1.682841294159661549e-01
-2.555575960035752752e-03
8.314767949735048236e-02
3.571951839399740980e-02
-7.216590189421945301e-02
6.853134425057848256e-02
-3.454579664012594892e-02
-8.984794591418526072e-03
1.773789285229623869e-01
1.141647728367371911e-01
1.041342931814883549e-01
