-2.043806944859461253e-02
5.869436248556392677e+00
4.452609818658722851e+00
3.270188373219144129e+00
5.004715164539608629e+00
1.214384849170959679e-01
2.062338815959440019e+00
1.059192265195741278e+00
3.537394110888722132e+00
4.673306136707999769e+00
1.949546044927252142e+00
1.483592165168146959e+00
5.600018424738963496e+00
3.088216463203325546e+00
2.854010613881707292e-01
4.983097706179383302e+00
3.845952147560526946e+00
6.487298674868602788e+00
2.696236089164472993e+00
1.034228832323630609e+00
3.316448716579508127e-01
1.756564491783963344e+00
3.894617276099805014e+00
4.439202192806009251e+00
4.537783321018734384e+00
5.153948227573620144e+00
