-3.774704576600175499e-02
5.626112139635261578e+00
4.586253895889205623e+00
3.373058694240882449e+00
5.181644133993582813e+00
1.687504738206859478e-01
1.963173809806555647e+00
8.598806910094947131e-01
3.538176151368470190e+00
4.652221670982942037e+00
1.577300388075522974e+00
1.419398064139746785e+00
5.501224097058948992e+00
2.859392836532632654e+00
1.837932095600142979e-01
5.008333099436327984e+00
3.795542236628671073e+00
6.432208718972635353e+00
2.506223300023020073e+00
1.372052842317988519e+00
5.090938192940485107e-01
1.641411946208742645e+00
3.879756497537049764e+00
4.525390980579254929e+00
4.696930134676425617e+00
5.366295647037753191e+00
