-4.489493767365841659e-02
5.662484293548218695e+00
4.547887343383393066e+00
3.212998383005415182e+00
5.226992814974690482e+00
1.435849995708769478e-01
1.875097859589054172e+00
9.605981640309357861e-01
3.681878758736657264e+00
4.772586090715272178e+00
1.914925197421347924e+00
1.250410644513755054e+00
5.505867721174311669e+00
2.669086016147934615e+00
3.140702785172748146e-01
4.992954093376622993e+00
3.632031124089196705e+00
6.183854814480767459e+00
2.419516541429328260e+00
1.227938155226720784e+00
5.817737376124978432e-01
1.469733782959337320e+00
3.672197655737731381e+00
4.690998881147391053e+00
4.667593710881758007e+00
5.462419492299138035e+00
