-5.354961779797740018e-02
5.579867405999803687e+00
4.623463021109717630e+00
3.191658124952504672e+00
5.194489858870554144e+00
1.597722731795245821e-01
1.943373649909140299e+00
9.757421449710912409e-01
3.649877958494008201e+00
4.891656721289239229e+00
1.642471790300612300e+00
1.332175004681658503e+00
5.712452063208324660e+00
2.945092965798665308e+00
2.176002229322344661e-01
4.880793267568047433e+00
3.917979244932354721e+00
6.247529208741521067e+00
2.356672860249874102e+00
1.044133835176963565e+00
3.030317745388997897e-01
1.731383122277375675e+00
3.913832663646302112e+00
4.430612203784179748e+00
4.647907697739886324e+00
5.520409429453560612e+00
