-8.177477957412199183e-02
5.648450548828410689e+00
4.594222554634060707e+00
3.230374011923225819e+00
5.140817625626250553e+00
5.456339454532130318e-02
2.123563201918083898e+00
7.853717427629978154e-01
3.658238242855319733e+00
4.727728037252110660e+00
1.930151018180203737e+00
1.366945547835305863e+00
5.737105871915473720e+00
2.807902375962633368e+00
2.097970862972230455e-01
4.890511924960993184e+00
3.614580775769497212e+00
6.286501010904828490e+00
2.311068044560892432e+00
1.058588698494408398e+00
2.225338946455339972e-01
1.485240345970745945e+00
3.879611070457884114e+00
4.375756802429810577e+00
4.759717905502273361e+00
5.716129281591457278e+00
