8.561975687377964758e-03
1.787238501687348630e-02
1.115403041165437259e-02
-1.180755329767780963e-02
3.356350139155972467e-03
-8.673715654142918896e-03
5.091886439545841893e-03
-4.558819176517038378e-03
-2.890922186376180397e-02
-5.821712193438300688e-03
9.037391609888095409e-03
1.341873159265878114e-02
3.974510966798754791e-02
1.619121030955210719e-02
4.872075149930776145e-03
2.758445513546385966e-02
-2.361366142359294705e-04
-1.033279823196963688e-02
2.315944733641224496e-02
-1.482439138153915370e-02
3.340401176208365047e-02
-4.375510339268890206e-04
4.444634041721370540e-03
-1.035224584622530461e-02
7.842978148645562454e-04
2.321266845063286316e-02
-9.228691659190449426e-03
1.011451989530858311e-02
-3.124626586435780501e-04
-2.135362480010624675e-02
-2.155377811259652499e-02
2.024877452706209946e-02
5.217083534298195061e-03
2.082974486149441473e-03
9.330297654126211079e-03
3.119126812994739428e-02
-1.059052144779082209e-02
3.010052580373373532e-02
1.174311875575167856e-02
-2.973961721981852740e-02
3.190621445153702784e-03
2.096437443997289929e-02
1.758043423185590148e-02
-2.083214981393601006e-02
1.597588244279170983e-02
-1.313003483395622228e-02
2.167652706278626329e-02
5.081053563639837366e-03
1.876983007435982639e-03
4.004409889984191645e-02
-2.172537508670834699e-02
1.800886024547381078e-03
7.394667571614919194e-03
-9.597968260656728964e-03
2.264776724413479839e-02
-7.163651198838165597e-03
2.690488986634441762e-02
4.095962100068195242e-04
5.336915163015374221e-04
1.007289180774541965e-02
1.835823997440033314e-02
-5.032717722329156651e-02
-1.838395289387665874e-02
-6.747126195937965497e-03
-1.579774015247097443e-02
