-2.112763967193058770e-02
2.504241722270619808e-02
-2.070826000169307887e-02
-3.143420583513771571e-02
3.256823277253752258e-02
3.282182412921447190e-02
-4.102609628620589033e-02
4.601023109391827459e-02
-4.888321048427393678e-02
-2.313565524868639502e-03
-3.249545736933251439e-02
-2.225294542968821176e-02
6.116304194048172854e-03
2.713487590516095219e-04
-1.514848221553397392e-02
1.076739405533321502e-02
-3.077133909354891339e-02
4.084037909789184351e-02
7.249845057170667927e-03
-1.068380025735689992e-02
-3.835136009610989882e-02
2.732219746170553003e-03
-4.448176609360456057e-02
-1.037608057297083157e-02
4.798263400876787849e-02
9.966295525427923407e-03
-7.260026889030404829e-02
1.821327700955581094e-02
-1.407974865840138506e-02
3.620515040150731195e-02
2.752204070826619591e-03
-4.277039140445969972e-02
3.754468573759709576e-02
1.483890724224182223e-03
-1.238102853924500681e-02
6.621981509437530229e-03
3.265904329588292798e-02
-3.084219896869676639e-02
1.864669234662622022e-03
2.359064774002751080e-02
-1.841689448557401595e-03
5.550318106107430399e-02
-2.048201242773798128e-02
-2.343267978268899487e-03
1.709563741192717326e-02
-2.742643715196676005e-02
-3.295133152375619850e-02
-6.123633863576343622e-02
6.001844539568332824e-03
5.059219264125183746e-02
1.361732317751771296e-02
-7.620666236203251301e-03
-3.050530439242534961e-02
-4.020299192792423787e-02
-1.314672865807872508e-02
-7.850990911066030309e-03
-3.834500809361332530e-02
-5.766123684558197710e-02
8.050556064914178578e-03
6.606585431353487192e-02
1.350237309715228429e-02
-1.212495944536265240e-02
1.231427363106311901e-02
-3.771168049326397570e-02
8.661763959830134918e-04
