1.952118580631740652e-01
1.201616052363213422e-01
-7.292230757100323646e-03
-3.004539037535577939e-02
9.361018400123636077e-03
5.945785394998018974e-03
-3.264443738930071504e-02
-1.905646449983073101e-02
3.021140379414894155e-05
5.310883751930098665e-03
-3.816004851485879645e-02
-3.301932826013133371e-03
6.116185347294589292e-02
5.860090947192441585e-02
1.832385332965130176e-01
3.179566350605965430e-02
-7.831861923697736039e-02
-5.786991279541229410e-02
-1.176606083750117784e-02
-2.349318333311511964e-02
2.830837995249937955e-02
3.477697171323993613e-02
-2.188903084850465572e-02
-1.298371065677013936e-01
-5.944997021305895718e-02
-1.386043379084489213e-01
8.636632547148168082e-02
3.346250785462981381e-02
-3.232553162141487552e-02
4.304298494560954841e-02
1.198581129786153304e-02
2.650283753295993097e-03
-1.848833409765035518e-02
1.849894846554669611e-02
7.184668227395739348e-02
5.976590386953686829e-02
-7.551865284891985663e-02
-6.531400383382694741e-02
-9.426311425421439461e-02
-5.668191482171657664e-02
-2.771130129984851562e-03
-2.407736316542991029e-02
-1.590133001321097569e-02
2.013751753747184889e-02
3.010037519808403048e-02
-1.715346967185535920e-01
-4.091210253290825105e-02
-7.850079402691638106e-03
-3.741498958333080993e-02
-3.254905459576790117e-02
-2.481942465167725695e-02
-4.859983816328120737e-02
1.060288043167756898e-02
-4.990349553878664635e-02
-1.273203948859611689e-01
-9.520149829504936934e-02
-1.669124795555037774e-02
-8.276839291419464673e-02
-5.666865926170255169e-02
-3.555089394075771486e-02
-1.004872094832695573e-02
-5.086088180501161654e-02
3.992849722226393672e-02
-5.636406838339814984e-02
6.414158613383731666e-02
