-1.762976431622275200e-02
3.010187062044672235e+00
3.016994220493851131e+00
3.159787821446220502e+00
2.379119855442090703e+00
1.840936126454041921e-01
1.334099750523141781e+00
7.477864739710882169e-01
2.917512691346857423e+00
5.948236709692931612e+00
5.995407807528192023e+00
2.391536925118939116e+00
2.013157542675318545e+00
3.327861784966890113e+00
3.852927340157575653e+00
2.874916786706654293e+00
8.136407793854323334e-01
6.405458062572689570e+00
2.229026594065741218e+00
6.275504405710380373e-01
3.813874914722032106e+00
3.852593041882617975e+00
1.730320197344881628e+00
1.529105269185821570e+00
-4.966489456956088566e-01
4.564633398987602675e+00
2.363105073355918073e-01
6.273379208110861249e+00
4.578948073954795639e+00
3.088149860522126477e+00
2.331627983511540769e+00
1.986579819692168236e+00
6.461984607639616129e+00
2.806450007152902604e+00
3.019890523124530990e+00
1.584658479739268655e+00
2.373112923402041829e+00
5.019817494392165180e+00
5.361701172589052433e+00
1.157697176175116693e+00
1.842542618829508538e-01
2.684072071554449490e+00
4.708472016959558637e+00
2.255751133256145846e-01
1.664059526365218256e+00
5.969050289758962569e-01
3.165293633314890887e+00
-2.401533666518470417e-02
1.424576316144259058e+00
3.137298686990567909e+00
4.452959699872029553e+00
1.672137126768610260e+00
5.781207158148214731e+00
4.010248738733804608e+00
4.067828141151568211e+00
6.280483414370985784e+00
5.352112948826420968e+00
5.063520872488253666e+00
6.958201992175243600e-01
2.446396588537408157e+00
5.072646872694289710e-01
5.752091691017288788e+00
5.654911893246639565e+00
1.623419024849810155e+00
4.702558287106086254e+00
