2.289884073921267388e-02
2.918915061519458121e+00
3.346321825308598452e+00
3.007743344839022281e+00
2.691427071413021288e+00
2.943360753396679907e-01
7.988811939704132392e-01
8.091128895514175801e-01
2.666377002348599312e+00
6.034706057989654759e+00
6.023084230272129247e+00
2.165790209446516457e+00
2.000903894408341266e+00
3.585113469984315238e+00
3.559530156845081894e+00
2.695783125408713676e+00
9.219373935706948187e-01
7.169442908466594488e+00
1.687832157973760294e+00
-2.067410141402762080e-01
4.058651629750771761e+00
3.354951560412074762e+00
1.853473134591040239e+00
1.343736849852584125e+00
-1.784415812581816307e-01
4.162597258226235830e+00
3.401084505774586153e-02
6.359201802050591823e+00
4.799495772819160067e+00
2.786549953890331555e+00
1.939884093371215590e+00
2.058344618835961093e+00
5.828472146260699205e+00
2.572013591450970083e+00
3.227339665123327261e+00
1.607502136412213067e+00
2.922746818336626085e+00
4.666032641997416519e+00
5.426705606178050978e+00
3.044715142164783117e+00
7.220677117393361488e-01
2.993414647949185436e+00
5.396880045866610409e+00
5.654366260055460058e-01
1.747581493985498557e+00
1.479386523478134041e+00
2.793008441070356174e+00
8.145318412975286471e-01
1.564344679789348769e+00
3.310312102687713587e+00
4.652267571206081698e+00
1.918479866078789398e+00
5.596636796466631480e+00
4.342439329414008675e+00
4.049175592414955283e+00
6.161948393965493764e+00
5.138744603907432484e+00
5.129333484151410438e+00
4.224065173338928947e-01
3.217938910213982595e+00
5.649548771559631533e-01
6.241297677130829946e+00
5.608825966291368204e+00
1.645446037438269338e+00
4.718915469214670644e+00
